00016 20121218160600 394436 1163937 00195 199
TH -082 -082 1601 -082 1601 -132 067 067 1601 022
RE 0000
WI 195 001 216 001 247 001 1601 PPC 000 214 002 1604 197 001
RT -108 -105 1602 -108 1606 -033
VV 02574 01771 1601
RS 15---- 0036 0000 0005 ---- ---
WW --10--------
MR 000000000000------------------------------------------------------------------------------------------------------------
QC
Q1 0000000000 0 00000000000000 000000 000 000000 0 000000333333333333333333333333333333333333333333333333333333
Q2 9999999999 9 99999999999999 999999 999 999999 9 999999999999999999999999999999999999999999999999999999999999
Q3 9999999999 9 99999999999999 999999 999 999999 9 999999999999999999999999999999999999999999999999999999999999=
NNNN
