00016 20121218165500 394436 1163937 00195 199
TH -088 -082 1601 -089 1645 -133 070 067 1601 022
RE 0000
WI PPC 000 PPC 000 247 001 1601 PPC 000 214 002 1604 PPC 000
RT -091 -090 1649 -109 1607 -034
VV 02248 01771 1601
RS 15---- 0036 0000 0005 ---- ---
WW --10--------
MR 00000000000000000000000000000000000000000000000000000000000000000000000000000000000000000000000000000000000000----------
QC
Q1 0000000000 0 00000000000000 000000 000 000000 0 000000000000000000000000000000000000000000000000000000033333
Q2 9999999999 9 99999999999999 999999 999 999999 9 999999999999999999999999999999999999999999999999999999999999
Q3 9999999999 9 99999999999999 999999 999 999999 9 999999999999999999999999999999999999999999999999999999999999=
NNNN
