00016 20121218163200 394436 1163937 00195 199
TH -087 -082 1601 -087 1630 -135 068 067 1601 022
RE 0000
WI PPC 000 PPC 000 247 001 1601 PPC 000 214 002 1604 PPC 000
RT -102 -102 1632 -109 1607 -034
VV 02368 01771 1601
RS 15---- 0036 0000 0005 ---- ---
WW --10--------
MR 0000000000000000000000000000000000000000000000000000000000000000--------------------------------------------------------
QC
Q1 0000000000 0 00000000000000 000000 000 000000 0 000000000000000000000000000000003333333333333333333333333333
Q2 9999999999 9 99999999999999 999999 999 999999 9 999999999999999999999999999999999999999999999999999999999999
Q3 9999999999 9 99999999999999 999999 999 999999 9 999999999999999999999999999999999999999999999999999999999999=
NNNN
