00016 20121218164900 394436 1163937 00195 199
TH -089 -082 1601 -089 1645 -134 070 067 1601 022
RE 0000
WI 238 001 PPC 000 247 001 1601 PPC 000 214 002 1604 236 001
RT -090 -090 1649 -109 1607 -034
VV 01556 01771 1601
RS 15---- 0035 0000 0005 ---- ---
WW --10--------
MR 00000000000000000000000000000000000000000000000000000000000000000000000000000000000000000000000000----------------------
QC
Q1 0000000000 0 00000000000000 000000 000 000000 0 000000000000000000000000000000000000000000000000033333333333
Q2 9999999999 9 99999999999999 999999 999 999999 9 999999999999999999999999999999999999999999999999999999999999
Q3 9999999999 9 99999999999999 999999 999 999999 9 999999999999999999999999999999999999999999999999999999999999=
NNNN
