00016 20121218160800 394436 1163937 00195 199
TH -083 -082 1601 -083 1608 -133 067 067 1601 022
RE 0000
WI PPC 000 217 001 247 001 1601 PPC 000 214 002 1604 PPC 000
RT -109 -105 1602 -109 1607 -033
VV 02518 01771 1601
RS 15---- 0036 0000 0005 ---- ---
WW --10--------
MR 0000000000000000--------------------------------------------------------------------------------------------------------
QC
Q1 0000000000 0 00000000000000 000000 000 000000 0 000000003333333333333333333333333333333333333333333333333333
Q2 9999999999 9 99999999999999 999999 999 999999 9 999999999999999999999999999999999999999999999999999999999999
Q3 9999999999 9 99999999999999 999999 999 999999 9 999999999999999999999999999999999999999999999999999999999999=
NNNN
