00016 20121218160200 394436 1163937 00195 199
TH -082 -082 1601 -082 1601 -132 067 067 1601 022
RE 0000
WI PPC 000 241 001 247 001 1601 PPC 000 204 001 1601 PPC 000
RT -105 -105 1602 -106 1601 -033
VV 01691 01771 1601
RS 15---- 0036 0000 0005 ---- ---
WW --10--------
MR 0000--------------------------------------------------------------------------------------------------------------------
QC
Q1 0000000000 0 00000000000000 000000 000 000000 0 003333333333333333333333333333333333333333333333333333333333
Q2 9999999999 9 99999999999999 999999 999 999999 9 999999999999999999999999999999999999999999999999999999999999
Q3 9999999999 9 99999999999999 999999 999 999999 9 999999999999999999999999999999999999999999999999999999999999=
NNNN
