00016 20121218160000 394436 1163937 00195 199
TH -082 -078 1525 -084 1505 -134 066 058 1527 022
RE 0000
WI 228 002 254 001 251 004 1501 PPC 000 204 005 1519 220 002 
RT -107 -104 1553 -122 1504 -033
VV 01547 01800 1600
RS 15---- 0036 0000 0005 ---- ---
WW --10--------
MR 000000000000000000000000000000000000000000000000000000000000000000000000000000000000000000000000000000000000000000000000
QC
Q1 0000000000 0 00000000000000 000000 000 000000 0 000000000000000000000000000000000000000000000000000000000000
Q2 9999999999 9 99999999999999 999999 999 999999 9 999999999999999999999999999999999999999999999999999999999999
Q3 9999999999 9 99999999999999 999999 999 999999 9 999999999999999999999999999999999999999999999999999999999999=
NNNN
