00016 20121218160400 394436 1163937 00195 199
TH -082 -082 1601 -082 1601 -131 068 067 1601 022
RE 0000
WI 213 001 230 001 247 001 1601 214 002 214 002 1604 214 002
RT -106 -105 1602 -106 1601 -033
VV 02320 01771 1601
RS 15---- 0036 0000 0005 ---- ---
WW --10--------
MR 00000000----------------------------------------------------------------------------------------------------------------
QC
Q1 0000000000 0 00000000000000 000000 000 000000 0 000033333333333333333333333333333333333333333333333333333333
Q2 9999999999 9 99999999999999 999999 999 999999 9 999999999999999999999999999999999999999999999999999999999999
Q3 9999999999 9 99999999999999 999999 999 999999 9 999999999999999999999999999999999999999999999999999999999999=
NNNN
